0, 0.000000, 147.695023 
1, 43.066406, 153.063065 
2, 86.132812, 170.294266 
3, 129.199219, 203.284058 
4, 172.265625, 260.677826 
5, 215.332031, 361.258881 
6, 258.398438, 549.623535 
7, 301.464844, 951.078857 
8, 344.531250, 2034.426758 
9, 387.597656, 6898.193848 
10, 430.664062, 222777.593750 
11, 473.730469, 17526.662109 
12, 516.796875, 3474.985107 
13, 559.863281, 1466.202148 
14, 602.929688, 815.298340 
15, 645.996094, 523.652283 
16, 689.062500, 367.454742 
17, 732.128906, 273.715698 
18, 775.195312, 212.828690 
19, 818.261719, 170.907928 
20, 861.328125, 140.726654 
21, 904.394531, 118.215645 
22, 947.460938, 100.937965 
23, 990.527344, 87.359497 
24, 1033.593750, 76.474266 
25, 1076.660156, 67.599411 
26, 1119.726562, 60.257732 
27, 1162.792969, 54.107117 
28, 1205.859375, 48.897121 
29, 1248.925781, 44.440342 
30, 1291.992188, 40.594841 
31, 1335.058594, 37.250809 
32, 1378.125000, 34.322323 
33, 1421.191406, 31.741623 
34, 1464.257812, 29.454088 
35, 1507.324219, 27.416075 
36, 1550.390625, 25.591425 
37, 1593.457031, 23.950674 
38, 1636.523438, 22.469131 
39, 1679.589844, 21.126476 
40, 1722.656250, 19.905411 
41, 1765.722656, 18.791349 
42, 1808.789062, 17.771767 
43, 1851.855469, 16.836071 
44, 1894.921875, 15.975013 
45, 1937.988281, 15.180723 
46, 1981.054688, 14.446345 
47, 2024.121094, 13.765820 
48, 2067.187500, 13.133923 
49, 2110.253906, 12.546072 
50, 2153.320312, 11.998028 
51, 2196.386719, 11.486368 
52, 2239.453125, 11.007747 
53, 2282.519531, 10.559413 
54, 2325.585938, 10.138760 
55, 2368.652344, 9.743658 
56, 2411.718750, 9.371751 
57, 2454.785156, 9.021721 
58, 2497.851562, 8.690958 
59, 2540.917969, 8.378908 
60, 2583.984375, 8.083975 
61, 2627.050781, 7.804660 
62, 2670.117188, 7.540134 
63, 2713.183594, 7.289084 
64, 2756.250000, 7.050873 
65, 2799.316406, 6.824405 
66, 2842.382812, 6.609050 
67, 2885.449219, 6.404002 
68, 2928.515625, 6.208645 
69, 2971.582031, 6.022314 
70, 3014.648438, 5.844545 
71, 3057.714844, 5.674734 
72, 3100.781250, 5.512464 
73, 3143.847656, 5.357242 
74, 3186.914062, 5.208727 
75, 3229.980469, 5.066391 
76, 3273.046875, 4.930082 
77, 3316.113281, 4.799225 
78, 3359.179688, 4.673715 
79, 3402.246094, 4.553531 
80, 3445.312500, 4.437744 
81, 3488.378906, 4.326508 
82, 3531.445312, 4.219585 
83, 3574.511719, 4.116720 
84, 3617.578125, 4.017599 
85, 3660.644531, 3.922194 
86, 3703.710938, 3.830225 
87, 3746.777344, 3.741592 
88, 3789.843750, 3.656079 
89, 3832.910156, 3.573598 
90, 3875.976562, 3.493943 
91, 3919.042969, 3.417034 
92, 3962.109375, 3.342708 
93, 4005.175781, 3.270864 
94, 4048.242188, 3.201416 
95, 4091.308594, 3.134232 
96, 4134.375000, 3.069207 
97, 4177.441406, 3.006296 
98, 4220.507812, 2.945331 
99, 4263.574219, 2.886299 
100, 4306.640625, 2.829065 
101, 4349.707031, 2.773584 
102, 4392.773438, 2.719858 
103, 4435.839844, 2.667629 
104, 4478.906250, 2.617032 
105, 4521.972656, 2.567892 
106, 4565.039062, 2.520188 
107, 4608.105469, 2.473887 
108, 4651.171875, 2.428869 
109, 4694.238281, 2.385120 
110, 4737.304688, 2.342612 
111, 4780.371094, 2.301262 
112, 4823.437500, 2.261082 
113, 4866.503906, 2.221982 
114, 4909.570312, 2.183927 
115, 4952.636719, 2.146898 
116, 4995.703125, 2.110843 
117, 5038.769531, 2.075721 
118, 5081.835938, 2.041532 
119, 5124.902344, 2.008225 
120, 5167.968750, 1.975770 
121, 5211.035156, 1.944124 
122, 5254.101562, 1.913303 
123, 5297.167969, 1.883164 
124, 5340.234375, 1.853896 
125, 5383.300781, 1.825203 
126, 5426.367188, 1.797336 
127, 5469.433594, 1.770134 
128, 5512.500000, 1.743475 
129, 5555.566406, 1.717544 
130, 5598.632812, 1.692176 
131, 5641.699219, 1.667448 
132, 5684.765625, 1.643232 
133, 5727.832031, 1.619615 
134, 5770.898438, 1.596505 
135, 5813.964844, 1.573945 
136, 5857.031250, 1.551864 
137, 5900.097656, 1.530321 
138, 5943.164062, 1.509219 
139, 5986.230469, 1.488596 
140, 6029.296875, 1.468406 
141, 6072.363281, 1.448664 
142, 6115.429688, 1.429333 
143, 6158.496094, 1.410439 
144, 6201.562500, 1.391923 
145, 6244.628906, 1.373864 
146, 6287.695312, 1.356099 
147, 6330.761719, 1.338722 
148, 6373.828125, 1.321702 
149, 6416.894531, 1.305041 
150, 6459.960938, 1.288692 
151, 6503.027344, 1.272714 
152, 6546.093750, 1.257025 
153, 6589.160156, 1.241667 
154, 6632.226562, 1.226606 
155, 6675.292969, 1.211862 
156, 6718.359375, 1.197379 
157, 6761.425781, 1.183191 
158, 6804.492188, 1.169282 
159, 6847.558594, 1.155633 
160, 6890.625000, 1.142237 
161, 6933.691406, 1.129110 
162, 6976.757812, 1.116209 
163, 7019.824219, 1.103569 
164, 7062.890625, 1.091140 
165, 7105.957031, 1.078958 
166, 7149.023438, 1.066995 
167, 7192.089844, 1.055281 
168, 7235.156250, 1.043737 
169, 7278.222656, 1.032438 
170, 7321.289062, 1.021243 
171, 7364.355469, 1.010418 
172, 7407.421875, 0.999666 
173, 7450.488281, 0.989131 
174, 7493.554688, 0.978775 
175, 7536.621094, 0.968579 
176, 7579.687500, 0.958602 
177, 7622.753906, 0.948783 
178, 7665.820312, 0.939129 
179, 7708.886719, 0.929653 
180, 7751.953125, 0.920315 
181, 7795.019531, 0.911141 
182, 7838.085938, 0.902120 
183, 7881.152344, 0.893261 
184, 7924.218750, 0.884531 
185, 7967.285156, 0.875966 
186, 8010.351562, 0.867529 
187, 8053.417969, 0.859233 
188, 8096.484375, 0.851071 
189, 8139.550781, 0.843033 
190, 8182.617188, 0.835127 
191, 8225.683594, 0.827375 
192, 8268.750000, 0.819708 
193, 8311.816406, 0.812209 
194, 8354.882812, 0.804771 
195, 8397.949219, 0.797472 
196, 8441.015625, 0.790307 
197, 8484.082031, 0.783235 
198, 8527.148438, 0.776271 
199, 8570.214844, 0.769414 
200, 8613.281250, 0.762661 
201, 8656.347656, 0.756026 
202, 8699.414062, 0.749482 
203, 8742.480469, 0.743043 
204, 8785.546875, 0.736692 
205, 8828.613281, 0.730433 
206, 8871.679688, 0.724276 
207, 8914.746094, 0.718205 
208, 8957.812500, 0.712226 
209, 9000.878906, 0.706344 
210, 9043.945312, 0.700534 
211, 9087.011719, 0.694815 
212, 9130.078125, 0.689171 
213, 9173.144531, 0.683608 
214, 9216.210938, 0.678116 
215, 9259.277344, 0.672746 
216, 9302.343750, 0.667423 
217, 9345.410156, 0.662153 
218, 9388.476562, 0.656998 
219, 9431.542969, 0.651951 
220, 9474.609375, 0.646885 
221, 9517.675781, 0.641940 
222, 9560.742188, 0.637046 
223, 9603.808594, 0.632222 
224, 9646.875000, 0.627462 
225, 9689.941406, 0.622785 
226, 9733.007812, 0.618155 
227, 9776.074219, 0.613606 
228, 9819.140625, 0.609095 
229, 9862.207031, 0.604657 
230, 9905.273438, 0.600272 
231, 9948.339844, 0.595961 
232, 9991.406250, 0.591685 
233, 10034.472656, 0.587494 
234, 10077.539062, 0.583349 
235, 10120.605469, 0.579245 
236, 10163.671875, 0.575207 
237, 10206.738281, 0.571209 
238, 10249.804688, 0.567318 
239, 10292.871094, 0.563391 
240, 10335.937500, 0.559542 
241, 10379.003906, 0.555768 
242, 10422.070312, 0.552030 
243, 10465.136719, 0.548364 
244, 10508.203125, 0.544703 
245, 10551.269531, 0.541119 
246, 10594.335938, 0.537561 
247, 10637.402344, 0.534067 
248, 10680.468750, 0.530589 
249, 10723.535156, 0.527191 
250, 10766.601562, 0.523810 
251, 10809.667969, 0.520489 
252, 10852.734375, 0.517187 
253, 10895.800781, 0.513942 
254, 10938.867188, 0.510730 
255, 10981.933594, 0.507567 
256, 11025.000000, 0.504422 
257, 11068.066406, 0.501351 
258, 11111.132812, 0.498293 
259, 11154.199219, 0.495286 
260, 11197.265625, 0.492279 
261, 11240.332031, 0.489336 
262, 11283.398438, 0.486438 
263, 11326.464844, 0.483575 
264, 11369.531250, 0.480718 
265, 11412.597656, 0.477925 
266, 11455.664062, 0.475136 
267, 11498.730469, 0.472426 
268, 11541.796875, 0.469700 
269, 11584.863281, 0.467037 
270, 11627.929688, 0.464387 
271, 11670.996094, 0.461786 
272, 11714.062500, 0.459187 
273, 11757.128906, 0.456656 
274, 11800.195312, 0.454121 
275, 11843.261719, 0.451649 
276, 11886.328125, 0.449160 
277, 11929.394531, 0.446745 
278, 11972.460938, 0.444325 
279, 12015.527344, 0.441979 
280, 12058.593750, 0.439583 
281, 12101.660156, 0.437298 
282, 12144.726562, 0.434999 
283, 12187.792969, 0.432742 
284, 12230.859375, 0.430430 
285, 12273.925781, 0.428349 
286, 12316.992188, 0.426095 
287, 12360.058594, 0.423797 
288, 12403.125000, 0.421761 
289, 12446.191406, 0.419593 
290, 12489.257812, 0.417516 
291, 12532.324219, 0.415437 
292, 12575.390625, 0.413407 
293, 12618.457031, 0.411362 
294, 12661.523438, 0.409360 
295, 12704.589844, 0.407376 
296, 12747.656250, 0.405417 
297, 12790.722656, 0.403481 
298, 12833.789062, 0.401566 
299, 12876.855469, 0.399672 
300, 12919.921875, 0.397795 
301, 12962.988281, 0.395934 
302, 13006.054688, 0.394100 
303, 13049.121094, 0.392303 
304, 13092.187500, 0.390480 
305, 13135.253906, 0.388718 
306, 13178.320312, 0.386922 
307, 13221.386719, 0.385199 
308, 13264.453125, 0.383550 
309, 13307.519531, 0.381828 
310, 13350.585938, 0.380147 
311, 13393.652344, 0.378473 
312, 13436.718750, 0.376839 
313, 13479.785156, 0.375214 
314, 13522.851562, 0.373598 
315, 13565.917969, 0.372010 
316, 13608.984375, 0.370443 
317, 13652.050781, 0.368882 
318, 13695.117188, 0.367338 
319, 13738.183594, 0.365811 
320, 13781.250000, 0.364309 
321, 13824.316406, 0.362823 
322, 13867.382812, 0.361342 
323, 13910.449219, 0.359890 
324, 13953.515625, 0.358444 
325, 13996.582031, 0.357017 
326, 14039.648438, 0.355590 
327, 14082.714844, 0.354207 
328, 14125.781250, 0.352815 
329, 14168.847656, 0.351463 
330, 14211.914062, 0.350081 
331, 14254.980469, 0.348763 
332, 14298.046875, 0.347436 
333, 14341.113281, 0.346128 
334, 14384.179688, 0.344826 
335, 14427.246094, 0.343534 
336, 14470.312500, 0.342268 
337, 14513.378906, 0.341015 
338, 14556.445312, 0.339765 
339, 14599.511719, 0.338544 
340, 14642.578125, 0.337324 
341, 14685.644531, 0.336125 
342, 14728.710938, 0.334924 
343, 14771.777344, 0.333758 
344, 14814.843750, 0.332578 
345, 14857.910156, 0.331442 
346, 14900.976562, 0.330287 
347, 14944.042969, 0.329171 
348, 14987.109375, 0.328044 
349, 15030.175781, 0.326952 
350, 15073.242188, 0.325823 
351, 15116.308594, 0.324791 
352, 15159.375000, 0.323675 
353, 15202.441406, 0.322745 
354, 15245.507812, 0.321666 
355, 15288.574219, 0.320469 
356, 15331.640625, 0.319533 
357, 15374.707031, 0.318477 
358, 15417.773438, 0.317502 
359, 15460.839844, 0.316486 
360, 15503.906250, 0.315518 
361, 15546.972656, 0.314540 
362, 15590.039062, 0.313588 
363, 15633.105469, 0.312629 
364, 15676.171875, 0.311698 
365, 15719.238281, 0.310757 
366, 15762.304688, 0.309839 
367, 15805.371094, 0.308923 
368, 15848.437500, 0.308025 
369, 15891.503906, 0.307137 
370, 15934.570312, 0.306251 
371, 15977.636719, 0.305384 
372, 16020.703125, 0.304507 
373, 16063.769531, 0.303673 
374, 16106.835938, 0.302653 
375, 16149.902344, 0.301961 
376, 16192.968750, 0.301178 
377, 16236.035156, 0.300329 
378, 16279.101562, 0.299534 
379, 16322.167969, 0.298737 
380, 16365.234375, 0.297954 
381, 16408.300781, 0.297162 
382, 16451.367188, 0.296400 
383, 16494.433594, 0.295619 
384, 16537.500000, 0.294874 
385, 16580.566406, 0.294119 
386, 16623.632812, 0.293388 
387, 16666.699219, 0.292653 
388, 16709.765625, 0.291938 
389, 16752.832031, 0.291213 
390, 16795.898438, 0.290512 
391, 16838.964844, 0.289809 
392, 16882.031250, 0.289122 
393, 16925.097656, 0.288440 
394, 16968.164062, 0.287778 
395, 17011.230469, 0.287092 
396, 17054.296875, 0.286449 
397, 17097.363281, 0.285774 
398, 17140.429688, 0.285154 
399, 17183.496094, 0.284512 
400, 17226.562500, 0.283874 
401, 17269.628906, 0.283257 
402, 17312.695312, 0.282642 
403, 17355.761719, 0.282040 
404, 17398.828125, 0.281440 
405, 17441.894531, 0.280847 
406, 17484.960938, 0.280264 
407, 17528.027344, 0.279684 
408, 17571.093750, 0.279107 
409, 17614.160156, 0.278550 
410, 17657.226562, 0.277994 
411, 17700.292969, 0.277442 
412, 17743.359375, 0.276900 
413, 17786.425781, 0.276360 
414, 17829.492188, 0.275834 
415, 17872.558594, 0.275305 
416, 17915.625000, 0.274788 
417, 17958.691406, 0.274285 
418, 18001.757812, 0.273798 
419, 18044.824219, 0.273292 
420, 18087.890625, 0.272779 
421, 18130.957031, 0.272295 
422, 18174.023438, 0.271809 
423, 18217.089844, 0.271383 
424, 18260.156250, 0.270909 
425, 18303.222656, 0.270440 
426, 18346.289062, 0.269978 
427, 18389.355469, 0.269548 
428, 18432.421875, 0.269110 
429, 18475.488281, 0.268673 
430, 18518.554688, 0.268244 
431, 18561.621094, 0.267826 
432, 18604.687500, 0.267407 
433, 18647.753906, 0.266997 
434, 18690.820312, 0.266594 
435, 18733.886719, 0.266202 
436, 18776.953125, 0.265806 
437, 18820.019531, 0.265424 
438, 18863.085938, 0.265044 
439, 18906.152344, 0.264680 
440, 18949.218750, 0.264289 
441, 18992.285156, 0.263929 
442, 19035.351562, 0.263627 
443, 19078.417969, 0.263232 
444, 19121.484375, 0.262901 
445, 19164.550781, 0.262564 
446, 19207.617188, 0.262216 
447, 19250.683594, 0.261870 
448, 19293.750000, 0.261568 
449, 19336.816406, 0.261241 
450, 19379.882812, 0.260927 
451, 19422.949219, 0.260626 
452, 19466.015625, 0.260334 
453, 19509.082031, 0.260030 
454, 19552.148438, 0.259735 
455, 19595.214844, 0.259453 
456, 19638.281250, 0.259174 
457, 19681.347656, 0.258904 
458, 19724.414062, 0.258632 
459, 19767.480469, 0.258371 
460, 19810.546875, 0.258117 
461, 19853.613281, 0.257858 
462, 19896.679688, 0.257603 
463, 19939.746094, 0.257369 
464, 19982.812500, 0.257126 
465, 20025.878906, 0.256907 
466, 20068.945312, 0.256669 
467, 20112.011719, 0.256437 
468, 20155.078125, 0.256247 
469, 20198.144531, 0.256019 
470, 20241.210938, 0.255823 
471, 20284.277344, 0.255614 
472, 20327.343750, 0.255417 
473, 20370.410156, 0.255226 
474, 20413.476562, 0.255035 
475, 20456.542969, 0.254859 
476, 20499.609375, 0.254690 
477, 20542.675781, 0.254514 
478, 20585.742188, 0.254345 
479, 20628.808594, 0.254183 
480, 20671.875000, 0.254029 
481, 20714.941406, 0.253875 
482, 20758.007812, 0.253730 
483, 20801.074219, 0.253591 
484, 20844.140625, 0.253454 
485, 20887.207031, 0.253323 
486, 20930.273438, 0.253182 
487, 20973.339844, 0.253073 
488, 21016.406250, 0.252951 
489, 21059.472656, 0.252851 
490, 21102.539062, 0.252743 
491, 21145.605469, 0.252626 
492, 21188.671875, 0.252540 
493, 21231.738281, 0.252439 
494, 21274.804688, 0.252355 
495, 21317.871094, 0.252265 
496, 21360.937500, 0.252193 
497, 21404.003906, 0.252113 
498, 21447.070312, 0.252046 
499, 21490.136719, 0.251982 
500, 21533.203125, 0.251931 
501, 21576.269531, 0.251868 
502, 21619.335938, 0.251817 
503, 21662.402344, 0.251773 
504, 21705.468750, 0.251731 
505, 21748.535156, 0.251696 
506, 21791.601562, 0.251668 
507, 21834.667969, 0.251640 
508, 21877.734375, 0.251628 
509, 21920.800781, 0.251603 
510, 21963.867188, 0.251570 
511, 22006.933594, 0.251572 
512, 22050.000000, 0.251586 
513, 22093.066406, 0.251572 
514, 22136.132812, 0.251570 
515, 22179.199219, 0.251603 
516, 22222.265625, 0.251628 
517, 22265.332031, 0.251640 
518, 22308.398438, 0.251668 
519, 22351.464844, 0.251696 
520, 22394.531250, 0.251731 
521, 22437.597656, 0.251773 
522, 22480.664062, 0.251817 
523, 22523.730469, 0.251868 
524, 22566.796875, 0.251931 
525, 22609.863281, 0.251982 
526, 22652.929688, 0.252046 
527, 22695.996094, 0.252113 
528, 22739.062500, 0.252193 
529, 22782.128906, 0.252265 
530, 22825.195312, 0.252355 
531, 22868.261719, 0.252439 
532, 22911.328125, 0.252540 
533, 22954.394531, 0.252626 
534, 22997.460938, 0.252743 
535, 23040.527344, 0.252851 
536, 23083.593750, 0.252951 
537, 23126.660156, 0.253073 
538, 23169.726562, 0.253182 
539, 23212.792969, 0.253323 
540, 23255.859375, 0.253454 
541, 23298.925781, 0.253591 
542, 23341.992188, 0.253730 
543, 23385.058594, 0.253875 
544, 23428.125000, 0.254029 
545, 23471.191406, 0.254183 
546, 23514.257812, 0.254345 
547, 23557.324219, 0.254514 
548, 23600.390625, 0.254690 
549, 23643.457031, 0.254859 
550, 23686.523438, 0.255035 
551, 23729.589844, 0.255226 
552, 23772.656250, 0.255417 
553, 23815.722656, 0.255614 
554, 23858.789062, 0.255823 
555, 23901.855469, 0.256019 
556, 23944.921875, 0.256247 
557, 23987.988281, 0.256437 
558, 24031.054688, 0.256669 
559, 24074.121094, 0.256907 
560, 24117.187500, 0.257126 
561, 24160.253906, 0.257369 
562, 24203.320312, 0.257603 
563, 24246.386719, 0.257858 
564, 24289.453125, 0.258117 
565, 24332.519531, 0.258371 
566, 24375.585938, 0.258632 
567, 24418.652344, 0.258904 
568, 24461.718750, 0.259174 
569, 24504.785156, 0.259453 
570, 24547.851562, 0.259735 
571, 24590.917969, 0.260030 
572, 24633.984375, 0.260334 
573, 24677.050781, 0.260626 
574, 24720.117188, 0.260927 
575, 24763.183594, 0.261241 
576, 24806.250000, 0.261568 
577, 24849.316406, 0.261870 
578, 24892.382812, 0.262216 
579, 24935.449219, 0.262564 
580, 24978.515625, 0.262901 
581, 25021.582031, 0.263232 
582, 25064.648438, 0.263627 
583, 25107.714844, 0.263929 
584, 25150.781250, 0.264289 
585, 25193.847656, 0.264680 
586, 25236.914062, 0.265044 
587, 25279.980469, 0.265424 
588, 25323.046875, 0.265806 
589, 25366.113281, 0.266202 
590, 25409.179688, 0.266594 
591, 25452.246094, 0.266997 
592, 25495.312500, 0.267407 
593, 25538.378906, 0.267826 
594, 25581.445312, 0.268244 
595, 25624.511719, 0.268673 
596, 25667.578125, 0.269110 
597, 25710.644531, 0.269548 
598, 25753.710938, 0.269978 
599, 25796.777344, 0.270440 
600, 25839.843750, 0.270909 
601, 25882.910156, 0.271383 
602, 25925.976562, 0.271809 
603, 25969.042969, 0.272295 
604, 26012.109375, 0.272779 
605, 26055.175781, 0.273292 
606, 26098.242188, 0.273798 
607, 26141.308594, 0.274285 
608, 26184.375000, 0.274788 
609, 26227.441406, 0.275305 
610, 26270.507812, 0.275834 
611, 26313.574219, 0.276360 
612, 26356.640625, 0.276900 
613, 26399.707031, 0.277442 
614, 26442.773438, 0.277994 
615, 26485.839844, 0.278550 
616, 26528.906250, 0.279107 
617, 26571.972656, 0.279684 
618, 26615.039062, 0.280264 
619, 26658.105469, 0.280847 
620, 26701.171875, 0.281440 
621, 26744.238281, 0.282040 
622, 26787.304688, 0.282642 
623, 26830.371094, 0.283257 
624, 26873.437500, 0.283874 
625, 26916.503906, 0.284512 
626, 26959.570312, 0.285154 
627, 27002.636719, 0.285774 
628, 27045.703125, 0.286449 
629, 27088.769531, 0.287092 
630, 27131.835938, 0.287778 
631, 27174.902344, 0.288440 
632, 27217.968750, 0.289122 
633, 27261.035156, 0.289809 
634, 27304.101562, 0.290512 
635, 27347.167969, 0.291213 
636, 27390.234375, 0.291938 
637, 27433.300781, 0.292653 
638, 27476.367188, 0.293388 
639, 27519.433594, 0.294119 
640, 27562.500000, 0.294874 
641, 27605.566406, 0.295619 
642, 27648.632812, 0.296400 
643, 27691.699219, 0.297162 
644, 27734.765625, 0.297954 
645, 27777.832031, 0.298737 
646, 27820.898438, 0.299534 
647, 27863.964844, 0.300329 
648, 27907.031250, 0.301178 
649, 27950.097656, 0.301961 
650, 27993.164062, 0.302653 
651, 28036.230469, 0.303673 
652, 28079.296875, 0.304507 
653, 28122.363281, 0.305384 
654, 28165.429688, 0.306251 
655, 28208.496094, 0.307137 
656, 28251.562500, 0.308025 
657, 28294.628906, 0.308923 
658, 28337.695312, 0.309839 
659, 28380.761719, 0.310757 
660, 28423.828125, 0.311698 
661, 28466.894531, 0.312629 
662, 28509.960938, 0.313588 
663, 28553.027344, 0.314540 
664, 28596.093750, 0.315518 
665, 28639.160156, 0.316486 
666, 28682.226562, 0.317502 
667, 28725.292969, 0.318477 
668, 28768.359375, 0.319533 
669, 28811.425781, 0.320469 
670, 28854.492188, 0.321666 
671, 28897.558594, 0.322745 
672, 28940.625000, 0.323675 
673, 28983.691406, 0.324791 
674, 29026.757812, 0.325823 
675, 29069.824219, 0.326952 
676, 29112.890625, 0.328044 
677, 29155.957031, 0.329171 
678, 29199.023438, 0.330287 
679, 29242.089844, 0.331442 
680, 29285.156250, 0.332578 
681, 29328.222656, 0.333758 
682, 29371.289062, 0.334924 
683, 29414.355469, 0.336125 
684, 29457.421875, 0.337324 
685, 29500.488281, 0.338544 
686, 29543.554688, 0.339765 
687, 29586.621094, 0.341015 
688, 29629.687500, 0.342268 
689, 29672.753906, 0.343534 
690, 29715.820312, 0.344826 
691, 29758.886719, 0.346128 
692, 29801.953125, 0.347436 
693, 29845.019531, 0.348763 
694, 29888.085938, 0.350081 
695, 29931.152344, 0.351463 
696, 29974.218750, 0.352815 
697, 30017.285156, 0.354207 
698, 30060.351562, 0.355590 
699, 30103.417969, 0.357017 
700, 30146.484375, 0.358444 
701, 30189.550781, 0.359890 
702, 30232.617188, 0.361342 
703, 30275.683594, 0.362823 
704, 30318.750000, 0.364309 
705, 30361.816406, 0.365811 
706, 30404.882812, 0.367338 
707, 30447.949219, 0.368882 
708, 30491.015625, 0.370443 
709, 30534.082031, 0.372010 
710, 30577.148438, 0.373598 
711, 30620.214844, 0.375214 
712, 30663.281250, 0.376839 
713, 30706.347656, 0.378473 
714, 30749.414062, 0.380147 
715, 30792.480469, 0.381828 
716, 30835.546875, 0.383550 
717, 30878.613281, 0.385199 
718, 30921.679688, 0.386922 
719, 30964.746094, 0.388718 
720, 31007.812500, 0.390480 
721, 31050.878906, 0.392303 
722, 31093.945312, 0.394100 
723, 31137.011719, 0.395934 
724, 31180.078125, 0.397795 
725, 31223.144531, 0.399672 
726, 31266.210938, 0.401566 
727, 31309.277344, 0.403481 
728, 31352.343750, 0.405417 
729, 31395.410156, 0.407376 
730, 31438.476562, 0.409360 
731, 31481.542969, 0.411362 
732, 31524.609375, 0.413407 
733, 31567.675781, 0.415437 
734, 31610.742188, 0.417516 
735, 31653.808594, 0.419593 
736, 31696.875000, 0.421761 
737, 31739.941406, 0.423797 
738, 31783.007812, 0.426095 
739, 31826.074219, 0.428349 
740, 31869.140625, 0.430430 
741, 31912.207031, 0.432742 
742, 31955.273438, 0.434999 
743, 31998.339844, 0.437298 
744, 32041.406250, 0.439583 
745, 32084.472656, 0.441979 
746, 32127.539062, 0.444325 
747, 32170.605469, 0.446745 
748, 32213.671875, 0.449160 
749, 32256.738281, 0.451649 
750, 32299.804688, 0.454121 
751, 32342.871094, 0.456656 
752, 32385.937500, 0.459187 
753, 32429.003906, 0.461786 
754, 32472.070312, 0.464387 
755, 32515.136719, 0.467037 
756, 32558.203125, 0.469700 
757, 32601.269531, 0.472426 
758, 32644.335938, 0.475136 
759, 32687.402344, 0.477925 
760, 32730.468750, 0.480718 
761, 32773.535156, 0.483575 
762, 32816.601562, 0.486438 
763, 32859.667969, 0.489336 
764, 32902.734375, 0.492279 
765, 32945.800781, 0.495286 
766, 32988.867188, 0.498293 
767, 33031.933594, 0.501351 
768, 33075.000000, 0.504422 
769, 33118.066406, 0.507567 
770, 33161.132812, 0.510730 
771, 33204.199219, 0.513942 
772, 33247.265625, 0.517187 
773, 33290.332031, 0.520489 
774, 33333.398438, 0.523810 
775, 33376.464844, 0.527191 
776, 33419.531250, 0.530589 
777, 33462.597656, 0.534067 
778, 33505.664062, 0.537561 
779, 33548.730469, 0.541119 
780, 33591.796875, 0.544703 
781, 33634.863281, 0.548364 
782, 33677.929688, 0.552030 
783, 33720.996094, 0.555768 
784, 33764.062500, 0.559542 
785, 33807.128906, 0.563391 
786, 33850.195312, 0.567318 
787, 33893.261719, 0.571209 
788, 33936.328125, 0.575207 
789, 33979.394531, 0.579245 
790, 34022.460938, 0.583349 
791, 34065.527344, 0.587494 
792, 34108.593750, 0.591685 
793, 34151.660156, 0.595961 
794, 34194.726562, 0.600272 
795, 34237.792969, 0.604657 
796, 34280.859375, 0.609095 
797, 34323.925781, 0.613606 
798, 34366.992188, 0.618155 
799, 34410.058594, 0.622785 
800, 34453.125000, 0.627462 
801, 34496.191406, 0.632222 
802, 34539.257812, 0.637046 
803, 34582.324219, 0.641940 
804, 34625.390625, 0.646885 
805, 34668.457031, 0.651951 
806, 34711.523438, 0.656998 
807, 34754.589844, 0.662153 
808, 34797.656250, 0.667423 
809, 34840.722656, 0.672746 
810, 34883.789062, 0.678116 
811, 34926.855469, 0.683608 
812, 34969.921875, 0.689171 
813, 35012.988281, 0.694815 
814, 35056.054688, 0.700534 
815, 35099.121094, 0.706344 
816, 35142.187500, 0.712226 
817, 35185.253906, 0.718205 
818, 35228.320312, 0.724276 
819, 35271.386719, 0.730433 
820, 35314.453125, 0.736692 
821, 35357.519531, 0.743043 
822, 35400.585938, 0.749482 
823, 35443.652344, 0.756026 
824, 35486.718750, 0.762661 
825, 35529.785156, 0.769414 
826, 35572.851562, 0.776271 
827, 35615.917969, 0.783235 
828, 35658.984375, 0.790307 
829, 35702.050781, 0.797472 
830, 35745.117188, 0.804771 
831, 35788.183594, 0.812209 
832, 35831.250000, 0.819708 
833, 35874.316406, 0.827375 
834, 35917.382812, 0.835127 
835, 35960.449219, 0.843033 
836, 36003.515625, 0.851071 
837, 36046.582031, 0.859233 
838, 36089.648438, 0.867529 
839, 36132.714844, 0.875966 
840, 36175.781250, 0.884531 
841, 36218.847656, 0.893261 
842, 36261.914062, 0.902120 
843, 36304.980469, 0.911141 
844, 36348.046875, 0.920315 
845, 36391.113281, 0.929653 
846, 36434.179688, 0.939129 
847, 36477.246094, 0.948783 
848, 36520.312500, 0.958602 
849, 36563.378906, 0.968579 
850, 36606.445312, 0.978775 
851, 36649.511719, 0.989131 
852, 36692.578125, 0.999666 
853, 36735.644531, 1.010418 
854, 36778.710938, 1.021243 
855, 36821.777344, 1.032438 
856, 36864.843750, 1.043737 
857, 36907.910156, 1.055281 
858, 36950.976562, 1.066995 
859, 36994.042969, 1.078958 
860, 37037.109375, 1.091140 
861, 37080.175781, 1.103569 
862, 37123.242188, 1.116209 
863, 37166.308594, 1.129110 
864, 37209.375000, 1.142237 
865, 37252.441406, 1.155633 
866, 37295.507812, 1.169282 
867, 37338.574219, 1.183191 
868, 37381.640625, 1.197379 
869, 37424.707031, 1.211862 
870, 37467.773438, 1.226606 
871, 37510.839844, 1.241667 
872, 37553.906250, 1.257025 
873, 37596.972656, 1.272714 
874, 37640.039062, 1.288692 
875, 37683.105469, 1.305041 
876, 37726.171875, 1.321702 
877, 37769.238281, 1.338722 
878, 37812.304688, 1.356099 
879, 37855.371094, 1.373864 
880, 37898.437500, 1.391923 
881, 37941.503906, 1.410439 
882, 37984.570312, 1.429333 
883, 38027.636719, 1.448664 
884, 38070.703125, 1.468406 
885, 38113.769531, 1.488596 
886, 38156.835938, 1.509219 
887, 38199.902344, 1.530321 
888, 38242.968750, 1.551864 
889, 38286.035156, 1.573945 
890, 38329.101562, 1.596505 
891, 38372.167969, 1.619615 
892, 38415.234375, 1.643232 
893, 38458.300781, 1.667448 
894, 38501.367188, 1.692176 
895, 38544.433594, 1.717544 
896, 38587.500000, 1.743475 
897, 38630.566406, 1.770134 
898, 38673.632812, 1.797336 
899, 38716.699219, 1.825203 
900, 38759.765625, 1.853896 
901, 38802.832031, 1.883164 
902, 38845.898438, 1.913303 
903, 38888.964844, 1.944124 
904, 38932.031250, 1.975770 
905, 38975.097656, 2.008225 
906, 39018.164062, 2.041532 
907, 39061.230469, 2.075721 
908, 39104.296875, 2.110843 
909, 39147.363281, 2.146898 
910, 39190.429688, 2.183927 
911, 39233.496094, 2.221982 
912, 39276.562500, 2.261082 
913, 39319.628906, 2.301262 
914, 39362.695312, 2.342612 
915, 39405.761719, 2.385120 
916, 39448.828125, 2.428869 
917, 39491.894531, 2.473887 
918, 39534.960938, 2.520188 
919, 39578.027344, 2.567892 
920, 39621.093750, 2.617032 
921, 39664.160156, 2.667629 
922, 39707.226562, 2.719858 
923, 39750.292969, 2.773584 
924, 39793.359375, 2.829065 
925, 39836.425781, 2.886299 
926, 39879.492188, 2.945331 
927, 39922.558594, 3.006296 
928, 39965.625000, 3.069207 
929, 40008.691406, 3.134232 
930, 40051.757812, 3.201416 
931, 40094.824219, 3.270864 
932, 40137.890625, 3.342708 
933, 40180.957031, 3.417034 
934, 40224.023438, 3.493943 
935, 40267.089844, 3.573598 
936, 40310.156250, 3.656079 
937, 40353.222656, 3.741592 
938, 40396.289062, 3.830225 
939, 40439.355469, 3.922194 
940, 40482.421875, 4.017599 
941, 40525.488281, 4.116720 
942, 40568.554688, 4.219585 
943, 40611.621094, 4.326508 
944, 40654.687500, 4.437744 
945, 40697.753906, 4.553531 
946, 40740.820312, 4.673715 
947, 40783.886719, 4.799225 
948, 40826.953125, 4.930082 
949, 40870.019531, 5.066391 
950, 40913.085938, 5.208727 
951, 40956.152344, 5.357242 
952, 40999.218750, 5.512464 
953, 41042.285156, 5.674734 
954, 41085.351562, 5.844545 
955, 41128.417969, 6.022314 
956, 41171.484375, 6.208645 
957, 41214.550781, 6.404002 
958, 41257.617188, 6.609050 
959, 41300.683594, 6.824405 
960, 41343.750000, 7.050873 
961, 41386.816406, 7.289084 
962, 41429.882812, 7.540134 
963, 41472.949219, 7.804660 
964, 41516.015625, 8.083975 
965, 41559.082031, 8.378908 
966, 41602.148438, 8.690958 
967, 41645.214844, 9.021721 
968, 41688.281250, 9.371751 
969, 41731.347656, 9.743658 
970, 41774.414062, 10.138760 
971, 41817.480469, 10.559413 
972, 41860.546875, 11.007747 
973, 41903.613281, 11.486368 
974, 41946.679688, 11.998028 
975, 41989.746094, 12.546072 
976, 42032.812500, 13.133923 
977, 42075.878906, 13.765820 
978, 42118.945312, 14.446345 
979, 42162.011719, 15.180723 
980, 42205.078125, 15.975013 
981, 42248.144531, 16.836071 
982, 42291.210938, 17.771767 
983, 42334.277344, 18.791349 
984, 42377.343750, 19.905411 
985, 42420.410156, 21.126476 
986, 42463.476562, 22.469131 
987, 42506.542969, 23.950674 
988, 42549.609375, 25.591425 
989, 42592.675781, 27.416075 
990, 42635.742188, 29.454088 
991, 42678.808594, 31.741623 
992, 42721.875000, 34.322323 
993, 42764.941406, 37.250809 
994, 42808.007812, 40.594841 
995, 42851.074219, 44.440342 
996, 42894.140625, 48.897121 
997, 42937.207031, 54.107117 
998, 42980.273438, 60.257732 
999, 43023.339844, 67.599411 
1000, 43066.406250, 76.474266 
1001, 43109.472656, 87.359497 
1002, 43152.539062, 100.937965 
1003, 43195.605469, 118.215645 
1004, 43238.671875, 140.726654 
1005, 43281.738281, 170.907928 
1006, 43324.804688, 212.828690 
1007, 43367.871094, 273.715698 
1008, 43410.937500, 367.454742 
1009, 43454.003906, 523.652283 
1010, 43497.070312, 815.298340 
1011, 43540.136719, 1466.202148 
1012, 43583.203125, 3474.985107 
1013, 43626.269531, 17526.662109 
1014, 43669.335938, 222777.593750 
1015, 43712.402344, 6898.193848 
1016, 43755.468750, 2034.426758 
1017, 43798.535156, 951.078857 
1018, 43841.601562, 549.623535 
1019, 43884.667969, 361.258881 
1020, 43927.734375, 260.677826 
1021, 43970.800781, 203.284058 
1022, 44013.867188, 170.294266 
1023, 44056.933594, 153.063065 
