START
11111111112222222222333333333344444444445555555555666666666677777777778888888888999999999900000000
11111111112222222222333333333344444444445555555555666666666677777777778888888888999999999900000000
11111111112222222222333333333344444444445555555555666666666677777777778888888888999999999900000000
11111111112222222222333333333344444444445555555555666666666677777777778888888888999999999900000000
11111111112222222222333333333344444444445555555555666666666677777777778888888888999999999900000000
11111111112222222222333333333344444444445555555555666666666677777777778888888888999999999900000000
11111111112222222222333333333344444444445555555555666666666677777777778888888888999999999900000000
11111111112222222222333333333344444444445555555555666666666677777777778888888888999999999900000000
11111111112222222222333333333344444444445555555555666666666677777777778888888888999999999900000000
11111111112222222222333333333344444444445555555555666666666677777777778888888888999999999900000000
21111111112222222222333333333344444444445555555555666666666677777777778888888888999999999900000000
21111111112222222222333333333344444444445555555555666666666677777777778888888888999999999900000000
21111111112222222222333333333344444444445555555555666666666677777777778888888888999999999900000000
21111111112222222222333333333344444444445555555555666666666677777777778888888888999999999900000000
21111111112222222222333333333344444444445555555555666666666677777777778888888888999999999900000000
21111111112222222222333333333344444444445555555555666666666677777777778888888888999999999900000000
21111111112222222222333333333344444444445555555555666666666677777777778888888888999999999900000000
21111111112222222222333333333344444444445555555555666666666677777777778888888888999999999900000000
21111111112222222222333333333344444444445555555555666666666677777777778888888888999999999900000000
21111111112222222222333333333344444444445555555555666666666677777777778888888888999999999900000000
31111111112222222222333333333344444444445555555555666666666677777777778888888888999999999900000000
31111111112222222222333333333344444444445555555555666666666677777777778888888888999999999900000000
31111111112222222222333333333344444444445555555555666666666677777777778888888888999999999900000000
31111111112222222222333333333344444444445555555555666666666677777777778888888888999999999900000000
31111111112222222222333333333344444444445555555555666666666677777777778888888888999999999900000000
31111111112222222222333333333344444444445555555555666666666677777777778888888888999999999900000000
31111111112222222222333333333344444444445555555555666666666677777777778888888888999999999900000000
31111111112222222222333333333344444444445555555555666666666677777777778888888888999999999900000000
31111111112222222222333333333344444444445555555555666666666677777777778888888888999999999900000000
31111111112222222222333333333344444444445555555555666666666677777777778888888888999999999900000000
41111111112222222222333333333344444444445555555555666666666677777777778888888888999999999900000000
41111111112222222222333333333344444444445555555555666666666677777777778888888888999999999900000000
41111111112222222222333333333344444444445555555555666666666677777777778888888888999999999900000000
41111111112222222222333333333344444444445555555555666666666677777777778888888888999999999900000000
41111111112222222222333333333344444444445555555555666666666677777777778888888888999999999900000000
41111111112222222222333333333344444444445555555555666666666677777777778888888888999999999900000000
41111111112222222222333333333344444444445555555555666666666677777777778888888888999999999900000000
41111111112222222222333333333344444444445555555555666666666677777777778888888888999999999900000000
41111111112222222222333333333344444444445555555555666666666677777777778888888888999999999900000000
41111111112222222222333333333344444444445555555555666666666677777777778888888888999999999900000000
51111111112222222222333333333344444444445555555555666666666677777777778888888888999999999900000000
51111111112222222222333333333344444444445555555555666666666677777777778888888888999999999900000000
51111111112222222222333333333344444444445555555555666666666677777777778888888888999999999900000000
51111111112222222222333333333344444444445555555555666666666677777777778888888888999999999900000000
51111111112222222222333333333344444444445555555555666666666677777777778888888888999999999900000000
51111111112222222222333333333344444444445555555555666666666677777777778888888888999999999900000000
51111111112222222222333333333344444444445555555555666666666677777777778888888888999999999900000000
51111111112222222222333333333344444444445555555555666666666677777777778888888888999999999900000000
51111111112222222222333333333344444444445555555555666666666677777777778888888888999999999900000000
51111111112222222222333333333344444444445555555555666666666677777777778888888888999999999900000000
END